----------------------------------------------------------------------
 Truss Report for "testing_trusses/warren_rise" | 04/05/2023 23:46:57 
----------------------------------------------------------------------

--------
Overview
--------
Nodes: 21
Members: 39
Supports: 21
External Forces: 21
Solve Time: 0.004571s

Nodes
-----------|-----------------|-----|---------------------|---------------------|-----------------------------|-----------------|
 Node ID   | X               | Y   | Displacement X      | Displacement Y      | Euclidean Displacement      | Support Type    |
-----------|-----------------|-----|---------------------|---------------------|-----------------------------|-----------------|
 0         | 0.0             | 0.0 | 0.0                 | 0.0                 | 0.0                         | PIN             |
 1         | 2.8125          | 0.2 | -1.8723             | -7.7786             | 8.0008                      | NONE            |
 2         | 5.625           | 0.4 | -2.9531             | -20.965             | 21.172                      | NONE            |
 3         | 8.8125          | 0.4 | -1.9215             | -34.3863            | 34.44                       | NONE            |
 4         | 12.0            | 0.4 | 0.0                 | -40.9587            | 40.9587                     | NONE            |
 5         | 15.1875         | 0.4 | 1.9215              | -34.3863            | 34.44                       | NONE            |
 6         | 18.375          | 0.4 | 2.9531              | -20.965             | 21.172                      | NONE            |
 7         | 21.1875         | 0.2 | 1.8723              | -7.7786             | 8.0008                      | NONE            |
 8         | 24.0            | 0.0 | 0.0                 | 0.0                 | 0.0                         | PIN             |
 9         | 0.0             | 2.2 | 0.0                 | 0.0                 | 0.0                         | PIN             |
 10        | 1.40625         | 2.3 | 1.3737              | -3.3454             | 3.6165                      | NONE            |
 11        | 4.21875         | 2.5 | 4.2553              | -13.9509            | 14.5855                     | NONE            |
 12        | 5.625           | 2.6 | 4.1065              | -20.8265            | 21.2274                     | NONE            |
 13        | 7.21875         | 2.6 | 3.3892              | -28.0514            | 28.2554                     | NONE            |
 14        | 10.40625        | 2.6 | 1.284               | -38.3733            | 38.3948                     | NONE            |
 15        | 13.59375        | 2.6 | -1.284              | -38.3733            | 38.3948                     | NONE            |
 16        | 16.78125        | 2.6 | -3.3892             | -28.0514            | 28.2554                     | NONE            |
 17        | 18.375          | 2.6 | -4.1065             | -20.8265            | 21.2274                     | NONE            |
 18        | 19.78125        | 2.5 | -4.2553             | -13.9509            | 14.5855                     | NONE            |
 19        | 22.59375        | 2.3 | -1.3737             | -3.3454             | 3.6165                      | NONE            |
 20        | 24.0            | 2.2 | 0.0                 | 0.0                 | 0.0                         | PIN             |
-----------|-----------------|-----|---------------------|---------------------|-----------------------------|-----------------|


Members
-------------|-----------|-----------|-----------------|--------|-----------------|--------------------------|
 Member ID   | Node 1    | Node 2    | Material        | Area   | Force           | Stress                   |
-------------|-----------|-----------|-----------------|--------|-----------------|--------------------------|
 0           | 0         | 1         | Steel           | 0.0005 | -85,802.7711    | -171,605,542.296         |
 1           | 1         | 2         | Steel           | 0.0002 | -28,563.2647    | -142,816,323.5154        |
 2           | 2         | 3         | Steel           | 0.0002 | 12,944.6632     | 64,723,316.2401          |
 3           | 3         | 4         | Steel           | 0.0003 | 36,170.1953     | 120,567,317.5152         |
 4           | 4         | 5         | Steel           | 0.0003 | 36,170.1953     | 120,567,317.5152         |
 5           | 5         | 6         | Steel           | 0.0002 | 12,944.6632     | 64,723,316.2401          |
 6           | 6         | 7         | Steel           | 0.0002 | -28,563.2647    | -142,816,323.5154        |
 7           | 7         | 8         | Steel           | 0.0005 | -85,802.7711    | -171,605,542.296         |
 8           | 9         | 10        | Steel           | 0.0006 | 96,430.2698     | 160,717,116.3018         |
 9           | 10        | 11        | Steel           | 0.0002 | 30,105.4182     | 150,527,091.02           |
 10          | 11        | 12        | Steel           | 0.0002 | -18,048.7431    | -90,243,715.5436         |
 11          | 12        | 13        | Steel           | 0.0002 | -18,003.2811    | -90,016,405.5108         |
 12          | 13        | 14        | Steel           | 0.0004 | -52,837.0486    | -132,092,621.5148        |
 13          | 14        | 15        | Steel           | 0.0004 | -64,449.8146    | -161,124,536.5229        |
 14          | 15        | 16        | Steel           | 0.0004 | -52,837.0486    | -132,092,621.5148        |
 15          | 16        | 17        | Steel           | 0.0002 | -18,003.2811    | -90,016,405.5108         |
 16          | 17        | 18        | Steel           | 0.0002 | -18,048.7431    | -90,243,715.5436         |
 17          | 18        | 19        | Steel           | 0.0002 | 30,105.4182     | 150,527,091.02           |
 18          | 19        | 20        | Steel           | 0.0006 | 96,430.2698     | 160,717,116.3018         |
 19          | 0         | 9         | Steel           | 0.0001 | 0.0             | 0.0                      |
 20          | 2         | 12        | Steel           | 0.0001 | 1,259.8146      | 12,598,145.8841          |
 21          | 6         | 17        | Steel           | 0.0001 | 1,259.8146      | 12,598,145.8841          |
 22          | 8         | 20        | Steel           | 0.0001 | 0.0             | 0.0                      |
 23          | 0         | 10        | Steel           | 0.0004 | -63,436.2869    | -158,590,717.372         |
 24          | 1         | 11        | Steel           | 0.0003 | -46,063.1885    | -153,543,961.6568        |
 25          | 2         | 13        | Steel           | 0.0002 | -29,712.6543    | -148,563,271.6416        |
 26          | 3         | 14        | Steel           | 0.0001 | -9,925.8644     | -99,258,644.1876         |
 27          | 4         | 15        | Steel           | 0.0001 | 9,868.648       | 98,686,479.5399          |
 28          | 5         | 16        | Steel           | 0.0002 | 29,663.1603     | 148,315,801.6337         |
 29          | 6         | 18        | Steel           | 0.0003 | 43,141.809      | 143,806,030.0278         |
 30          | 7         | 19        | Steel           | 0.0004 | 59,429.1571     | 148,572,892.7256         |
 31          | 10        | 1         | Steel           | 0.0004 | 59,429.1571     | 148,572,892.7256         |
 32          | 11        | 2         | Steel           | 0.0003 | 43,141.809      | 143,806,030.0278         |
 33          | 13        | 3         | Steel           | 0.0002 | 29,663.1603     | 148,315,801.6337         |
 34          | 14        | 4         | Steel           | 0.0001 | 9,868.648       | 98,686,479.5399          |
 35          | 15        | 5         | Steel           | 0.0001 | -9,925.8644     | -99,258,644.1876         |
 36          | 16        | 6         | Steel           | 0.0002 | -29,712.6543    | -148,563,271.6416        |
 37          | 18        | 7         | Steel           | 0.0003 | -46,063.1885    | -153,543,961.6568        |
 38          | 19        | 8         | Steel           | 0.0004 | -63,436.2869    | -158,590,717.372         |
-------------|-----------|-----------|-----------------|--------|-----------------|--------------------------|


External Forces
-----------|-------------|-----------------|
 Node ID   | Force X     | Force Y         |
-----------|-------------|-----------------|
 0         | 0.0         | -7,185.5426     |
 1         | 0.0         | -14,289.4777    |
 2         | 0.0         | -15,177.3807    |
 3         | 0.0         | -16,078.3544    |
 4         | 0.0         | -16,080.2021    |
 5         | 0.0         | -16,078.3544    |
 6         | 0.0         | -15,177.3807    |
 7         | 0.0         | -14,289.4777    |
 8         | 0.0         | -7,185.5426     |
 9         | 0.0         | -55.99          |
 10        | 0.0         | -174.3959       |
 11        | 0.0         | -131.7718       |
 12        | 0.0         | -52.6234        |
 13        | 0.0         | -145.2605       |
 14        | 0.0         | -167.7176       |
 15        | 0.0         | -167.7176       |
 16        | 0.0         | -145.2605       |
 17        | 0.0         | -52.6234        |
 18        | 0.0         | -131.7718       |
 19        | 0.0         | -174.3959       |
 20        | 0.0         | -55.99          |
-----------|-------------|-----------------|


Reaction Forces
-----------|---------------|-------------|
 Node ID   | Force X       | Force Y     |
-----------|---------------|-------------|
 0         | 118,677.3966  | 60,207.9206 |
 1         | 0.0           | 0.0         |
 2         | 0.0           | 0.0         |
 3         | 0.0           | 0.0         |
 4         | 0.0           | 0.0         |
 5         | 0.0           | 0.0         |
 6         | 0.0           | 0.0         |
 7         | 0.0           | 0.0         |
 8         | -118,677.3966 | 60,207.9206 |
 9         | -96,187.3768  | -6,839.9912 |
 10        | 0.0           | 0.0         |
 11        | 0.0           | 0.0         |
 12        | 0.0           | 0.0         |
 13        | 0.0           | 0.0         |
 14        | 0.0           | 0.0         |
 15        | 0.0           | 0.0         |
 16        | 0.0           | 0.0         |
 17        | 0.0           | 0.0         |
 18        | 0.0           | 0.0         |
 19        | 0.0           | 0.0         |
 20        | 96,187.3768   | -6,839.9912 |
-----------|---------------|-------------|


Materials
-----------------|-----------------------------|-----------------|
 Material Name   | Young's Modulus             | Max Stress      |
-----------------|-----------------------------|-----------------|
 Steel           | 200,000,000                 | 250,000,000     |
-----------------|-----------------------------|-----------------|


---------------------------
Debug Information (K, F, R)
---------------------------

K Matrix
[  43362.4   15716.2  -35287.6   -2509.3       0.0       0.0       0.0      0.0       0.0      0.0       0.0      0.0       0.0       0.0       0.0       0.0       0.0       0.0       0.0      0.0   -8074.8  -13206.9       0.0       0.0       0.0      0.0       0.0      0.0       0.0      0.0       0.0      0.0       0.0      0.0       0.0      0.0       0.0       0.0       0.0       0.0       0.0      0.0 ]
[  15716.2   30869.9   -2509.3    -178.4       0.0       0.0       0.0      0.0       0.0      0.0       0.0      0.0       0.0       0.0       0.0       0.0       0.0       0.0       0.0  -9090.9  -13206.9  -21600.5       0.0       0.0       0.0      0.0       0.0      0.0       0.0      0.0       0.0      0.0       0.0      0.0       0.0      0.0       0.0       0.0       0.0       0.0       0.0      0.0 ]
[ -35287.6   -2509.3   65258.5   -1216.1  -14115.0   -1003.7       0.0      0.0       0.0      0.0       0.0      0.0       0.0       0.0       0.0       0.0       0.0       0.0       0.0      0.0   -9799.7   14634.3   -6056.1   -9905.1       0.0      0.0       0.0      0.0       0.0      0.0       0.0      0.0       0.0      0.0       0.0      0.0       0.0       0.0       0.0       0.0       0.0      0.0 ]
[  -2509.3    -178.4   -1216.1   38304.1   -1003.7     -71.4       0.0      0.0       0.0      0.0       0.0      0.0       0.0       0.0       0.0       0.0       0.0       0.0       0.0      0.0   14634.3  -21853.9   -9905.1  -16200.4       0.0      0.0       0.0      0.0       0.0      0.0       0.0      0.0       0.0      0.0       0.0      0.0       0.0       0.0       0.0       0.0       0.0      0.0 ]
[      0.0       0.0  -14115.0   -1003.7   39081.6   -2976.5  -12549.0      0.0       0.0      0.0       0.0      0.0       0.0       0.0       0.0       0.0       0.0       0.0       0.0      0.0       0.0       0.0   -7349.8   10975.7       0.0      0.0   -5067.7  -6995.4       0.0      0.0       0.0      0.0       0.0      0.0       0.0      0.0       0.0       0.0       0.0       0.0       0.0      0.0 ]
[      0.0       0.0   -1003.7     -71.4   -2976.5   35209.1       0.0      0.0       0.0      0.0       0.0      0.0       0.0       0.0       0.0       0.0       0.0       0.0       0.0      0.0       0.0       0.0   10975.7  -16390.4       0.0  -9090.9   -6995.4  -9656.4       0.0      0.0       0.0      0.0       0.0      0.0       0.0      0.0       0.0       0.0       0.0       0.0       0.0      0.0 ]
[      0.0       0.0       0.0       0.0  -12549.0       0.0   38974.1  -3497.7  -18823.5      0.0       0.0      0.0       0.0       0.0       0.0       0.0       0.0       0.0       0.0      0.0       0.0       0.0       0.0       0.0       0.0      0.0   -5067.7   6995.4   -2533.9  -3497.7       0.0      0.0       0.0      0.0       0.0      0.0       0.0       0.0       0.0       0.0       0.0      0.0 ]
[      0.0       0.0       0.0       0.0       0.0       0.0   -3497.7  14484.7       0.0      0.0       0.0      0.0       0.0       0.0       0.0       0.0       0.0       0.0       0.0      0.0       0.0       0.0       0.0       0.0       0.0      0.0    6995.4  -9656.4   -3497.7  -4828.2       0.0      0.0       0.0      0.0       0.0      0.0       0.0       0.0       0.0       0.0       0.0      0.0 ]
[      0.0       0.0       0.0       0.0       0.0       0.0  -18823.5      0.0   42714.8      0.0  -18823.5      0.0       0.0       0.0       0.0       0.0       0.0       0.0       0.0      0.0       0.0       0.0       0.0       0.0       0.0      0.0       0.0      0.0   -2533.9   3497.7   -2533.9  -3497.7       0.0      0.0       0.0      0.0       0.0       0.0       0.0       0.0       0.0      0.0 ]
[      0.0       0.0       0.0       0.0       0.0       0.0       0.0      0.0       0.0   9656.4       0.0      0.0       0.0       0.0       0.0       0.0       0.0       0.0       0.0      0.0       0.0       0.0       0.0       0.0       0.0      0.0       0.0      0.0    3497.7  -4828.2   -3497.7  -4828.2       0.0      0.0       0.0      0.0       0.0       0.0       0.0       0.0       0.0      0.0 ]
[      0.0       0.0       0.0       0.0       0.0       0.0       0.0      0.0  -18823.5      0.0   38974.1   3497.7  -12549.0       0.0       0.0       0.0       0.0       0.0       0.0      0.0       0.0       0.0       0.0       0.0       0.0      0.0       0.0      0.0       0.0      0.0   -2533.9   3497.7   -5067.7  -6995.4       0.0      0.0       0.0       0.0       0.0       0.0       0.0      0.0 ]
[      0.0       0.0       0.0       0.0       0.0       0.0       0.0      0.0       0.0      0.0    3497.7  14484.7       0.0       0.0       0.0       0.0       0.0       0.0       0.0      0.0       0.0       0.0       0.0       0.0       0.0      0.0       0.0      0.0       0.0      0.0    3497.7  -4828.2   -6995.4  -9656.4       0.0      0.0       0.0       0.0       0.0       0.0       0.0      0.0 ]
[      0.0       0.0       0.0       0.0       0.0       0.0       0.0      0.0       0.0      0.0  -12549.0      0.0   39081.6    2976.5  -14115.0    1003.7       0.0       0.0       0.0      0.0       0.0       0.0       0.0       0.0       0.0      0.0       0.0      0.0       0.0      0.0       0.0      0.0   -5067.7   6995.4       0.0      0.0   -7349.8  -10975.7       0.0       0.0       0.0      0.0 ]
[      0.0       0.0       0.0       0.0       0.0       0.0       0.0      0.0       0.0      0.0       0.0      0.0    2976.5   35209.1    1003.7     -71.4       0.0       0.0       0.0      0.0       0.0       0.0       0.0       0.0       0.0      0.0       0.0      0.0       0.0      0.0       0.0      0.0    6995.4  -9656.4       0.0  -9090.9  -10975.7  -16390.4       0.0       0.0       0.0      0.0 ]
[      0.0       0.0       0.0       0.0       0.0       0.0       0.0      0.0       0.0      0.0       0.0      0.0  -14115.0    1003.7   65258.5    1216.1  -35287.6    2509.3       0.0      0.0       0.0       0.0       0.0       0.0       0.0      0.0       0.0      0.0       0.0      0.0       0.0      0.0       0.0      0.0       0.0      0.0   -6056.1    9905.1   -9799.7  -14634.3       0.0      0.0 ]
[      0.0       0.0       0.0       0.0       0.0       0.0       0.0      0.0       0.0      0.0       0.0      0.0    1003.7     -71.4    1216.1   38304.1    2509.3    -178.4       0.0      0.0       0.0       0.0       0.0       0.0       0.0      0.0       0.0      0.0       0.0      0.0       0.0      0.0       0.0      0.0       0.0      0.0    9905.1  -16200.4  -14634.3  -21853.9       0.0      0.0 ]
[      0.0       0.0       0.0       0.0       0.0       0.0       0.0      0.0       0.0      0.0       0.0      0.0       0.0       0.0  -35287.6    2509.3   43362.4  -15716.2       0.0      0.0       0.0       0.0       0.0       0.0       0.0      0.0       0.0      0.0       0.0      0.0       0.0      0.0       0.0      0.0       0.0      0.0       0.0       0.0   -8074.8   13206.9       0.0      0.0 ]
[      0.0       0.0       0.0       0.0       0.0       0.0       0.0      0.0       0.0      0.0       0.0      0.0       0.0       0.0    2509.3    -178.4  -15716.2   30869.9       0.0      0.0       0.0       0.0       0.0       0.0       0.0      0.0       0.0      0.0       0.0      0.0       0.0      0.0       0.0      0.0       0.0      0.0       0.0       0.0   13206.9  -21600.5       0.0  -9090.9 ]
[      0.0       0.0       0.0       0.0       0.0       0.0       0.0      0.0       0.0      0.0       0.0      0.0       0.0       0.0       0.0       0.0       0.0       0.0   84690.1   6022.4  -84690.1   -6022.4       0.0       0.0       0.0      0.0       0.0      0.0       0.0      0.0       0.0      0.0       0.0      0.0       0.0      0.0       0.0       0.0       0.0       0.0       0.0      0.0 ]
[      0.0   -9090.9       0.0       0.0       0.0       0.0       0.0      0.0       0.0      0.0       0.0      0.0       0.0       0.0       0.0       0.0       0.0       0.0    6022.4   9519.2   -6022.4    -428.3       0.0       0.0       0.0      0.0       0.0      0.0       0.0      0.0       0.0      0.0       0.0      0.0       0.0      0.0       0.0       0.0       0.0       0.0       0.0      0.0 ]
[  -8074.8  -13206.9   -9799.7   14634.3       0.0       0.0       0.0      0.0       0.0      0.0       0.0      0.0       0.0       0.0       0.0       0.0       0.0       0.0  -84690.1  -6022.4  116679.7    5598.7  -14115.0   -1003.7       0.0      0.0       0.0      0.0       0.0      0.0       0.0      0.0       0.0      0.0       0.0      0.0       0.0       0.0       0.0       0.0       0.0      0.0 ]
[ -13206.9  -21600.5   14634.3  -21853.9       0.0       0.0       0.0      0.0       0.0      0.0       0.0      0.0       0.0       0.0       0.0       0.0       0.0       0.0   -6022.4   -428.3    5598.7   43954.0   -1003.7     -71.4       0.0      0.0       0.0      0.0       0.0      0.0       0.0      0.0       0.0      0.0       0.0      0.0       0.0       0.0       0.0       0.0       0.0      0.0 ]
[      0.0       0.0   -6056.1   -9905.1   -7349.8   10975.7       0.0      0.0       0.0      0.0       0.0      0.0       0.0       0.0       0.0       0.0       0.0       0.0       0.0      0.0  -14115.0   -1003.7   55751.0    1940.6  -28230.0  -2007.5       0.0      0.0       0.0      0.0       0.0      0.0       0.0      0.0       0.0      0.0       0.0       0.0       0.0       0.0       0.0      0.0 ]
[      0.0       0.0   -9905.1  -16200.4   10975.7  -16390.4       0.0      0.0       0.0      0.0       0.0      0.0       0.0       0.0       0.0       0.0       0.0       0.0       0.0      0.0   -1003.7     -71.4    1940.6   32804.9   -2007.5   -142.8       0.0      0.0       0.0      0.0       0.0      0.0       0.0      0.0       0.0      0.0       0.0       0.0       0.0       0.0       0.0      0.0 ]
[      0.0       0.0       0.0       0.0       0.0       0.0       0.0      0.0       0.0      0.0       0.0      0.0       0.0       0.0       0.0       0.0       0.0       0.0       0.0      0.0       0.0       0.0  -28230.0   -2007.5   53328.1   2007.5  -25098.0      0.0       0.0      0.0       0.0      0.0       0.0      0.0       0.0      0.0       0.0       0.0       0.0       0.0       0.0      0.0 ]
[      0.0       0.0       0.0       0.0       0.0   -9090.9       0.0      0.0       0.0      0.0       0.0      0.0       0.0       0.0       0.0       0.0       0.0       0.0       0.0      0.0       0.0       0.0   -2007.5    -142.8    2007.5   9233.7       0.0      0.0       0.0      0.0       0.0      0.0       0.0      0.0       0.0      0.0       0.0       0.0       0.0       0.0       0.0      0.0 ]
[      0.0       0.0       0.0       0.0   -5067.7   -6995.4   -5067.7   6995.4       0.0      0.0       0.0      0.0       0.0       0.0       0.0       0.0       0.0       0.0       0.0      0.0       0.0       0.0       0.0       0.0  -25098.0      0.0   60331.5      0.0  -25098.0      0.0       0.0      0.0       0.0      0.0       0.0      0.0       0.0       0.0       0.0       0.0       0.0      0.0 ]
[      0.0       0.0       0.0       0.0   -6995.4   -9656.4    6995.4  -9656.4       0.0      0.0       0.0      0.0       0.0       0.0       0.0       0.0       0.0       0.0       0.0      0.0       0.0       0.0       0.0       0.0       0.0      0.0       0.0  19312.9       0.0      0.0       0.0      0.0       0.0      0.0       0.0      0.0       0.0       0.0       0.0       0.0       0.0      0.0 ]
[      0.0       0.0       0.0       0.0       0.0       0.0   -2533.9  -3497.7   -2533.9   3497.7       0.0      0.0       0.0       0.0       0.0       0.0       0.0       0.0       0.0      0.0       0.0       0.0       0.0       0.0       0.0      0.0  -25098.0      0.0   55263.8      0.0  -25098.0      0.0       0.0      0.0       0.0      0.0       0.0       0.0       0.0       0.0       0.0      0.0 ]
[      0.0       0.0       0.0       0.0       0.0       0.0   -3497.7  -4828.2    3497.7  -4828.2       0.0      0.0       0.0       0.0       0.0       0.0       0.0       0.0       0.0      0.0       0.0       0.0       0.0       0.0       0.0      0.0       0.0      0.0       0.0   9656.4       0.0      0.0       0.0      0.0       0.0      0.0       0.0       0.0       0.0       0.0       0.0      0.0 ]
[      0.0       0.0       0.0       0.0       0.0       0.0       0.0      0.0   -2533.9  -3497.7   -2533.9   3497.7       0.0       0.0       0.0       0.0       0.0       0.0       0.0      0.0       0.0       0.0       0.0       0.0       0.0      0.0       0.0      0.0  -25098.0      0.0   55263.8      0.0  -25098.0      0.0       0.0      0.0       0.0       0.0       0.0       0.0       0.0      0.0 ]
[      0.0       0.0       0.0       0.0       0.0       0.0       0.0      0.0   -3497.7  -4828.2    3497.7  -4828.2       0.0       0.0       0.0       0.0       0.0       0.0       0.0      0.0       0.0       0.0       0.0       0.0       0.0      0.0       0.0      0.0       0.0      0.0       0.0   9656.4       0.0      0.0       0.0      0.0       0.0       0.0       0.0       0.0       0.0      0.0 ]
[      0.0       0.0       0.0       0.0       0.0       0.0       0.0      0.0       0.0      0.0   -5067.7  -6995.4   -5067.7    6995.4       0.0       0.0       0.0       0.0       0.0      0.0       0.0       0.0       0.0       0.0       0.0      0.0       0.0      0.0       0.0      0.0  -25098.0      0.0   60331.5      0.0  -25098.0      0.0       0.0       0.0       0.0       0.0       0.0      0.0 ]
[      0.0       0.0       0.0       0.0       0.0       0.0       0.0      0.0       0.0      0.0   -6995.4  -9656.4    6995.4   -9656.4       0.0       0.0       0.0       0.0       0.0      0.0       0.0       0.0       0.0       0.0       0.0      0.0       0.0      0.0       0.0      0.0       0.0      0.0       0.0  19312.9       0.0      0.0       0.0       0.0       0.0       0.0       0.0      0.0 ]
[      0.0       0.0       0.0       0.0       0.0       0.0       0.0      0.0       0.0      0.0       0.0      0.0       0.0       0.0       0.0       0.0       0.0       0.0       0.0      0.0       0.0       0.0       0.0       0.0       0.0      0.0       0.0      0.0       0.0      0.0       0.0      0.0  -25098.0      0.0   53328.1  -2007.5  -28230.0    2007.5       0.0       0.0       0.0      0.0 ]
[      0.0       0.0       0.0       0.0       0.0       0.0       0.0      0.0       0.0      0.0       0.0      0.0       0.0   -9090.9       0.0       0.0       0.0       0.0       0.0      0.0       0.0       0.0       0.0       0.0       0.0      0.0       0.0      0.0       0.0      0.0       0.0      0.0       0.0      0.0   -2007.5   9233.7    2007.5    -142.8       0.0       0.0       0.0      0.0 ]
[      0.0       0.0       0.0       0.0       0.0       0.0       0.0      0.0       0.0      0.0       0.0      0.0   -7349.8  -10975.7   -6056.1    9905.1       0.0       0.0       0.0      0.0       0.0       0.0       0.0       0.0       0.0      0.0       0.0      0.0       0.0      0.0       0.0      0.0       0.0      0.0  -28230.0   2007.5   55751.0   -1940.6  -14115.0    1003.7       0.0      0.0 ]
[      0.0       0.0       0.0       0.0       0.0       0.0       0.0      0.0       0.0      0.0       0.0      0.0  -10975.7  -16390.4    9905.1  -16200.4       0.0       0.0       0.0      0.0       0.0       0.0       0.0       0.0       0.0      0.0       0.0      0.0       0.0      0.0       0.0      0.0       0.0      0.0    2007.5   -142.8   -1940.6   32804.9    1003.7     -71.4       0.0      0.0 ]
[      0.0       0.0       0.0       0.0       0.0       0.0       0.0      0.0       0.0      0.0       0.0      0.0       0.0       0.0   -9799.7  -14634.3   -8074.8   13206.9       0.0      0.0       0.0       0.0       0.0       0.0       0.0      0.0       0.0      0.0       0.0      0.0       0.0      0.0       0.0      0.0       0.0      0.0  -14115.0    1003.7  116679.7   -5598.7  -84690.1   6022.4 ]
[      0.0       0.0       0.0       0.0       0.0       0.0       0.0      0.0       0.0      0.0       0.0      0.0       0.0       0.0  -14634.3  -21853.9   13206.9  -21600.5       0.0      0.0       0.0       0.0       0.0       0.0       0.0      0.0       0.0      0.0       0.0      0.0       0.0      0.0       0.0      0.0       0.0      0.0    1003.7     -71.4   -5598.7   43954.0    6022.4   -428.3 ]
[      0.0       0.0       0.0       0.0       0.0       0.0       0.0      0.0       0.0      0.0       0.0      0.0       0.0       0.0       0.0       0.0       0.0       0.0       0.0      0.0       0.0       0.0       0.0       0.0       0.0      0.0       0.0      0.0       0.0      0.0       0.0      0.0       0.0      0.0       0.0      0.0       0.0       0.0  -84690.1    6022.4   84690.1  -6022.4 ]
[      0.0       0.0       0.0       0.0       0.0       0.0       0.0      0.0       0.0      0.0       0.0      0.0       0.0       0.0       0.0       0.0       0.0   -9090.9       0.0      0.0       0.0       0.0       0.0       0.0       0.0      0.0       0.0      0.0       0.0      0.0       0.0      0.0       0.0      0.0       0.0      0.0       0.0       0.0    6022.4    -428.3   -6022.4   9519.2 ]


U Matrix
[      0.0    ]
[      0.0    ]
[     -1.8723 ]
[     -7.7786 ]
[     -2.9531 ]
[    -20.965  ]
[     -1.9215 ]
[    -34.3863 ]
[      0.0    ]
[    -40.9587 ]
[      1.9215 ]
[    -34.3863 ]
[      2.9531 ]
[    -20.965  ]
[      1.8723 ]
[     -7.7786 ]
[      0.0    ]
[      0.0    ]
[      0.0    ]
[      0.0    ]
[      1.3737 ]
[     -3.3454 ]
[      4.2553 ]
[    -13.9509 ]
[      4.1065 ]
[    -20.8265 ]
[      3.3892 ]
[    -28.0514 ]
[      1.284  ]
[    -38.3733 ]
[     -1.284  ]
[    -38.3733 ]
[     -3.3892 ]
[    -28.0514 ]
[     -4.1065 ]
[    -20.8265 ]
[     -4.2553 ]
[    -13.9509 ]
[     -1.3737 ]
[     -3.3454 ]
[      0.0    ]
[      0.0    ]


F Matrix
[       0.0  ]
[   -7079.28 ]
[       0.0  ]
[  -14140.62 ]
[       0.0  ]
[  -15070.53 ]
[       0.0  ]
[  -15983.84 ]
[       0.0  ]
[  -15983.84 ]
[       0.0  ]
[  -15983.84 ]
[       0.0  ]
[  -15070.53 ]
[       0.0  ]
[  -14140.62 ]
[       0.0  ]
[   -7079.28 ]
[       0.0  ]
[     -14.16 ]
[       0.0  ]
[     -37.09 ]
[       0.0  ]
[     -37.09 ]
[       0.0  ]
[     -20.42 ]
[       0.0  ]
[     -40.08 ]
[       0.0  ]
[     -46.34 ]
[       0.0  ]
[     -46.34 ]
[       0.0  ]
[     -40.08 ]
[       0.0  ]
[     -20.42 ]
[       0.0  ]
[     -37.09 ]
[       0.0  ]
[     -37.09 ]
[       0.0  ]
[     -14.16 ]


R Matrix
[  118677.4  ]
[   60207.92 ]
[       0.0  ]
[       0.0  ]
[       0.0  ]
[       0.0  ]
[       0.0  ]
[       0.0  ]
[       0.0  ]
[       0.0  ]
[       0.0  ]
[       0.0  ]
[       0.0  ]
[       0.0  ]
[       0.0  ]
[       0.0  ]
[ -118677.4  ]
[   60207.92 ]
[  -96187.38 ]
[   -6839.99 ]
[       0.0  ]
[       0.0  ]
[       0.0  ]
[       0.0  ]
[       0.0  ]
[       0.0  ]
[       0.0  ]
[       0.0  ]
[       0.0  ]
[       0.0  ]
[       0.0  ]
[       0.0  ]
[       0.0  ]
[       0.0  ]
[       0.0  ]
[       0.0  ]
[       0.0  ]
[       0.0  ]
[       0.0  ]
[       0.0  ]
[   96187.38 ]
[   -6839.99 ]


